0
-1
-1
-1
4
8
17
21
26
26
25
19
14
5
-5
-14
-23
-28
-33
-33
-32
-26
-20
-12
-2
7
17
21
26
26
25
19
14
5
-5
-14
-23
-28
-33
-33
-32
-26
-20
-12
-2
7
17
21
27
27
26
20
16
6
-4
-13
-22
-28
-33
-33
-32
-26
-20
-12
-2
7
17
21
27
27
26
20
15
5
-5
-14
-23
-28
-33
-33
-32
-26
-20
-12
-2
7
17
21
26
26
25
19
14
5
-4
-13
-21
-26
-31
-32
-32
-27
-22
-14
-4
6
15
20
25
25
24
19
14
5
-5
-14
-23
-28
-34
-34
-34
-28
-22
-13
-4
6
16
20
26
27
27
21
16
6
-3
-13
-21
-26
-31
-32
-32
-27
-21
-13
-3
7
17
21
26
26
25
19
15
6
-4
-13
-22
-28
-34
-34
-33
-27
-21
-12
-3
6
16
20
26
27
27
21
16
6
-4
-14
-22
-27
-32
-32
-31
-26
-20
-12
-2
7
16
20
25
25
25
20
16
7
-3
-13
-21
-27
-33
-33
-32
