0
-1
-1
1
8
19
36
48
59
60
59
48
36
18
-1
-19
-37
-49
-60
-61
-60
-49
-37
-19
-1
18
36
48
59
60
59
48
36
18
0
-19
-37
-49
-60
-61
-60
-49
-37
-19
-1
18
36
48
59
60
59
48
36
18
-1
-19
-37
-49
-60
-61
-60
-49
-37
-19
0
18
36
48
59
60
59
48
36
18
0
-19
-37
-49
-60
-61
-60
-49
-37
-19
0
18
36
48
59
60
59
48
36
18
-1
-19
-37
-49
-60
-61
-60
-49
-37
-19
-1
18
36
48
59
60
59
48
36
18
0
-19
-37
-49
-60
-61
-60
-49
-37
-19
0
18
36
48
59
60
59
48
36
18
-1
-19
-37
-49
-60
-61
-60
-49
-37
-19
-1
18
36
48
59
60
59
48
36
18
0
-19
-37
-49
-60
-61
-60
-49
-37
-19
0
18
36
48
59
60
59
48
36
18
-1
-19
-37
-49
-60
-61
-60
-49
-37
-19
0
18
36
48
59
60
59
48
36
18
0
-19
-37
-49
-60
-61
-60
